721 teste@gmail.com 2 3 93.15 1748726935 
770 thaissa@gmail.com 7 1 74.20 1748726950 
770 thaissa@gmail.com 2 2 69.00 1748726950 
119 lala@gmail.com 1 1 89.90 1748727057 
234 victor@gmail.com 4 5 89.95 1748727092 
234 victor@gmail.com 5 1 27.80 1748727092 
102 vivi@gmail.com 7 2 148.40 1748730349 
470 s 1 1 89.90 1749166383 
572 1 1 1 89.90 1749166639 
360 1 1 1 89.90 1749167211 
880 d 2 2 69.00 1749167221 
86 a 1 1 89.90 1749167278 
785 a 1 1 89.90 1749167347 
43 a 1 1 89.90 1749167425 
43 a 1 1 89.90 1749167425 
